 

 

9119199 .99919j9999999

g

3999 a99999999 F9999

 

€311}? ._ 1‘:

9999 999 99 999999

 

 

 

 

 

9 99 99199'“ 99 999 99999991999 9919999 99 999 19.999991. ’ W999

s-

 

999 19999999199 999 99991999 9999999919 m99 9 99999999 1999999 9999912195
99»99 129999999 499999119 9999 99999 9v99 99999 999999‘ 99919 99999999 9919 y 9999

3:9“

99 £1999 11919 99 9999999 999 9 99 999999 9999 99 39 9999999 99
999 999 9999 99 99999999 99 999 1999999 99 99 :9 9999999999999999 ,99999999999.
999 9 99,999 9999991 999999 99 99999 99 {9999) 999 999999 9999 19999999 999

9999 9799919 99 9999;99:9999 999 99 999 9999999

 

99999 9999199 999 9999 99999 999999 9999999 99 99“ 9999 9999999999
99999 999999 :999 99999 9999 9199999999 9999;99999999999‘99 9999,9999999:9999
‘ 919 99 99999991919 99 99199 99 999 99999999 99 9999999 999999

 

9?
W
9
ES
'59
9»;
39;

999999 99 99 9999999 199 9999‘99 99.9999 9999999999999,9919 99:99999:99
9999 199999999999919,99 1999999 999 99 19 9999 99999919999 9111 9999919’999
99:99999 999 999999

19 99999999999 999999 9 299999 919 1999 999 9919999 9999 9 9999999
199999999 99999999 99999 99999919 999 999 9999999999 99 9 991999 991199
11999999999 999999 999 999999 9999 999 9999 19 99999 99 9999999.9l99 91999
999 999999999 919999199 9999 9199 99 999 99999 999 11999 9999999 999991999
99199999 999 9199 99 9.99999911 999 9 991999 19919999 9999999999 9 999
9999 i9 999 999999 99 999 99 9999 9999999 999999991199 991999999999 99 9919
991951999 9 99999 999999999 9999991199999 9999999 999 9999999 99 999-99999
99199 9999 9999 999 99199999999 9999999 99 999 999 99919999? 999 9999 9 999
99999 999199 9‘999 99999999 99 99999999 99199 99199 99 9199 999 99999999
99.99119999 99939999999 9999 999999 99_ 9199999919 9999 99999199 999 9999
9999999, 99999 99993999 9999999 91999999 19 99119999 999 999 $5? 91199
{39999999999 9999999 ’1999999 999 19999199(?*9§99}99999999 99 999 9999999
9999999 91 99999 999 99 999 99999999 991199 9999199999 9999 999999999 999
9999999 99999 99 )9999999999999 99999 9999 99 9 99999999 19 99119999 999 999
9 5 99199 {3' 99939

 

9999999199 999 99999999 9199;999 9999999999999 19 9 9999999319999999
9999 9119991 99919 9999 9999999999 999 199199 99 999999 99 99999999199999
999 999919999 99 99 999 99999919199 919999 99 9919999 999 91199193 999 9999
9999 99 991199 99.999 9999 99 99999.

99 999 919991 999 199199 99 919*9999.999999 91999 9999999999 999

919 999 fg9§953999 999999999 99999999 99999199919 99 99999999 999 9999991599991
999 999 9’ 9' ‘

96399939969999smuauneaaaeaeyaewzuoaaweauamagnwitai”

